recipient,costs
2294510207150,27|23
2298098747282,19|5
2283985271265,42|8
2255413239258,49|24
2295470463430,34|6
2285547096917,28|13
2251572894509,28|24
2281586839191,32|24
2256030346072,48|38
2252658091807,20|12
2289794846943,43|32
2295951638429,34|33
2254683278297,29|28
2291727788907,50|32
2286001776205,16|3
2293001816522,10|2
2294358748655,10|4
2256322450333,32|18
2285029456850,49|12
2258134489532,37|8
2285823175202,44|35
2287287365846,50|26
2252119179460,29|16
2256184467743,29|5
2285426276617,33|32
2284820405230,28|24
2283146869946,36|3
2286756458792,19|7
2295518233332,46|27
2254661084209,45|28
2288402080412,24|4
2287113586545,36|35
2291173854113,21|12
2291818529020,40|28
2299705618541,12|6
2255245935159,48|44
2291428894859,21|14
2259160970686,45|24
2286182739604,22|18
2256381658324,36|19
2255502413265,42|12
2254193412878,38|7
2257306719190,33|11
2297656498476,19|4
2282492237581,49|36
2282185773484,23|9
2292691956833,18|13
2284805598878,49|13
2295982935831,30|14
2294763777809,14|3
2294323617272,29|3
2251332607061,11|7
2297299905575,33|11
2288056370643,15|13
2259071841907,26|1
2256573656097,10|6
2291168373119,23|15
2253200984116,35|7
2283056061024,43|12
2287120656226,15|1
2281390796408,31|15
2253674459240,48|25
2287823224863,11|9
2258001428670,10|7
2253758743808,22|19
2283822709683,47|26
2253487405991,40|33
2259721924591,47|7
2255215631144,15|3
2299120527851,25|8
2285663973674,17|3
2286671122186,29|7
2286818062257,35|32
2259323434272,11|2
2252961158783,26|9
2251873335089,34|32
2296708318883,13|8
2285456271374,37|3
2289548486246,49|43
2288734779755,37|4
2296428683131,23|11
2257426222207,18|15
2282940719037,10|9
2256461109596,39|30
2286872932164,30|13
2282432450483,48|38
2298463048291,23|20
2257960848804,32|29
2251665150763,11|8
2256627519664,22|9
2296919097562,12|2
2296974594567,22|17
2295131197293,18|16
2258151646135,15|10
2287640288056,42|39
2255673165289,47|32
2251635185592,32|5
2295139316632,34|21
2258114891940,49|41
2293253113718,37|28
2257942288125,42|39
2295399004794,41|4
2294203399626,23|22
2256101163522,12|7
2281342229187,46|11
2252989169859,32|6
2284470919429,46|4
2284228143118,10|5
2295757697224,16|4
2256135670699,14|5
2256655631604,13|2
2283028753482,30|10
2283845770348,28|5
2298812442540,39|14
2285057462684,49|17
2295939221117,50|27
2259599000884,34|3
2295371335808,36|15
2298958704973,42|14
2251686903444,44|6
2253090289639,12|7
2293623358153,42|21
2254853954051,19|16
2293433482637,37|1
2283711966149,11|1
2259392323762,46|16
2298253300620,44|19
2286984991586,49|45
2254439846495,20|13
2289342479161,13|4
2288190742116,15|3
2294600669259,22|4
2285510626725,30|6
2289927370564,22|8
2291669141013,49|20
2286832350021,17|8
2254315100897,47|14
2291255489945,41|19
2259011617721,26|25
2283998034086,18|16
2286769845032,23|4
2259213584538,15|14
2299245128992,45|9
2295345445894,28|26
2291821407608,35|14
2281409936825,16|1
2252589203770,37|9
2254565676966,46|24
2253845465547,48|10
2297232282732,40|39
2298853692567,30|14
2286260563824,10|2
2294991379534,16|12
2252488794452,28|18
2255423169119,11|10
2289096411512,35|17
2282031225134,17|5
2251875676731,17|16
2252734098598,40|12
2289273379831,21|1
2293217141542,42|6
2284453194895,22|8
2282107049230,10|8
2299032025093,48|13
2283667579138,16|3
2281197613712,29|20
2287973658873,43|37
2251268442922,47|17
2288106690727,11|3
2253288463260,20|7
2297687285385,25|24
2288903140359,12|2
2296158631090,45|32
2251451527780,40|27
2298770405743,17|15
2288390086811,46|28
2257672798354,30|10
2292426313459,13|7
2253587227780,35|31
2294826012723,15|6
2292983994237,48|16
2251305429190,50|23
2296187137587,12|11
2252630919855,46|32
2283110146596,17|14
2286290441222,41|31
2253140828579,39|11
2282450871917,21|4
2291259286511,41|7
2255118760924,13|5
2251479750446,44|40
2294871533157,48|36
2289386654394,48|12
2285012230494,40|23
2291488672255,13|1
2295761313515,21|14
2284356012588,32|22
2297174556620,20|18
2257114287040,33|6
2288895891122,24|21
2254625693041,24|20
2288815782695,16|1
2253661218827,32|27
2253911847928,35|32
2284014617154,18|3
2282478018402,29|25
2294869059516,18|6
2288422388694,45|37
2289391312763,16|7
2284345805078,37|1
2251920000152,50|33
2299279368527,27|6
2298941458429,23|19
2252820368634,19|12
2291963262682,22|13
2259419650710,22|19
2254069748429,36|10
2296802453647,20|6
2252615656217,40|35
2286335963841,16|1
2258159437326,21|15
2292228475006,18|16
2296733832302,21|4
2289750483769,31|11
2251701143568,15|6
2255178266848,30|23
2289125915532,16|4
2257021661389,13|6
2288846519183,32|3
2252053206261,26|19
2296811424025,44|33
2287619335627,37|22
2297207298616,39|6
2281974610889,30|25
2285473083026,49|47
2252334604181,47|25
2297679974825,15|2
2251001657567,13|2
2292624193813,41|3
2281726400708,15|8
2281208732718,37|22
2286480524938,40|25
2286467974667,40|12
2286778607940,26|21
2293628875612,26|25
2297946953705,27|9
2289210401861,29|6
2259077810351,19|2
2297239656694,13|7
2252463560567,43|11
2253566274083,41|30
2282432611171,16|1
2298493506480,49|22
2287147542341,17|5
2257377562236,11|6
2297833362525,41|14
2259132269604,18|14
2254425760755,33|12
2299712705696,45|10
2259391236452,35|30
2285109776987,39|26
2259149839914,25|8
2289949251883,13|3
2257322235831,31|17
2291118838533,34|10
2299680736294,14|3
2293666058196,35|10
2286494742993,50|30
2294127422214,50|49
2295345412031,13|4
2292891535695,34|12
2257576308817,50|35
2281163825677,39|36
2296971584620,12|3
2287214084365,37|23
2292543884641,45|42
2296235032271,33|26
2292961808797,36|15
2283573553150,15|9
2255203428518,22|16
2259404103017,47|23
2291223333830,25|23
2254612295729,42|33
2295750415749,26|18
2294381592514,21|15
2297241438763,15|10
2283991962011,12|4
2255319101116,46|20
2295807607872,32|21
2253761070361,46|39
2288562282502,25|3
2287565350419,21|8
2259380833455,40|24
2298845221528,29|21
2289324735604,20|5
2288698912593,27|22
2291674070790,43|11
2296166467417,40|16
2285901798898,38|19
2289216898952,18|16
2288010369496,28|11
2284168626167,13|2
2291230542025,10|2
2296992999153,25|19
2256199837537,13|4
2281055744361,21|17
2298369250578,29|24
2283817967673,27|4
2282839504170,33|3
2293279373527,26|22
2292167035483,15|10
2299699901961,29|23
2251881957597,35|4
2254513818277,28|13
2291470395906,45|2
2295817675389,43|22
2287197170699,13|1
2258368919690,36|23
2281795384475,47|41
2297972963528,42|24
2289962315581,34|29
2259781538479,17|8
2299749503284,17|7
2283123174059,19|7
2299461628914,39|12
2258626102845,49|33
2289171120391,34|24
2252955875043,45|7
2289902632246,45|14
2257332031508,32|22
2284836865440,45|16
2251296307253,37|13
2285959235394,29|23
2252652827816,12|11
2284326092917,20|14
2298918466542,42|13
2256003686938,41|11
2289262968378,48|46
2256839428969,18|16
2298636036733,26|1
2295016948998,39|23
2293181639256,41|29
2285417791940,31|22
2255010005291,12|4
2281450662073,25|16
2255512915829,12|7
2297544578165,37|4
2287371876247,14|2
2297270605682,50|15
2294990636832,45|20
2282812121329,24|2
2256913204192,17|4
2286624461278,50|9
2291473714687,35|32
2254767817045,17|5
2283051901762,31|7
2298697823595,40|15
2291351519234,37|36
2255968045274,24|6
2255571227312,26|14
2291010463384,43|36
2299743078322,15|8
2287032223302,14|13
2256551349192,40|32
2286262801812,39|19
2285415471798,18|12
2284121520660,23|9
2252556970079,38|34
2255704577341,12|3
2286748430524,19|11
2286853368140,27|10
2283194566371,41|29
2285745060284,33|8
2252118304165,46|45
2252244744607,13|10
2298368791356,37|17
2257805832402,46|3
2258025595815,40|36
2295964760418,49|24
2292337378914,36|10
2293352842330,44|37
2288873155868,27|23
2258174007719,16|2
2285646176685,33|5
2292781362470,40|33
2299072824511,19|1
2294561594209,36|9
2258571373424,31|26
2297963359766,20|12
2296538124129,50|37
2289776721132,18|12
2259165785420,23|17
2294716741930,26|6
2282637976419,34|11
2285809839524,25|14
2286796498048,31|2
2295970366948,10|4
2286308763891,11|10
2259929056348,25|20
2282177892053,16|11
2258149487756,25|11
2254082932161,29|26
2295161966573,42|9
2287257745076,12|10
2251542672333,43|4
2254829452591,48|22
2288536900146,34|32
2281175183764,48|42
2286125760886,14|6
2292629832371,38|8
2256024252237,14|5
2282056832205,48|7
2258511546632,26|8
2298074612573,23|4
2282246300737,12|3
2283854054657,25|10
2286440490909,18|1
2251329551644,47|32
2287874821117,27|25
2256901128930,27|2
2287086109384,39|33
2256093068074,26|24
2291760221481,42|27
2298139565825,43|7
2286164126793,35|11
2282701197090,14|2
2298111246709,30|20
2282551728570,14|3
2293473398402,18|1
2253157366371,47|22
2293701092904,49|31
2297592424031,48|1
2281849916166,47|15
2257388605554,43|6
2259933601163,21|1
2256983100159,10|9
2256857540285,45|13
2285939971214,27|17
2287824990961,49|3
2291436572891,22|12
2292951454142,17|11
2257127829954,47|45
2282335862783,31|5
2283461512976,24|6
2256043979495,47|13
2299964771733,46|45
2254419515819,16|15
2255194348530,48|31
2259643435162,29|21
2292622910459,31|25
2284114675468,19|2
2253840681977,30|14
2283027172856,18|12
2285923026903,40|20
2294803822066,19|16
2298713771442,40|37
2291568859616,48|32
2297384605510,17|1
2254616374146,44|27
2295806148888,39|3
2259114488835,20|19
2284101819939,13|5
2296002385740,22|4
2283562731116,10|9
2297400678664,27|21
2282915721551,45|23
2288510484397,27|17
2297374941935,50|6
2253970120533,47|43
2294286553881,40|35
2259456351070,50|1
2286660283205,46|8
2298740237426,25|11
2281937325713,42|33
2293592229467,22|18
2287937968992,26|5
2288741470523,42|39
2292885981609,29|13
2253024469697,44|3
2295335806206,40|6
2295279788177,33|25
2256154141523,19|7
2292979526916,40|34
2293760922090,39|2
2288253321920,47|45
2299032231161,29|25
2285509955300,12|10
2255347585132,22|14
2285634325369,13|4
2284854821294,27|14
2292337838844,32|3
2288770909100,45|35
2292852336686,12|7
2258301828630,20|1
2283743688972,50|41
2299354077829,40|28
2293115944197,18|2
2295001367114,28|16
2288111835077,12|6
2299830592168,45|31
2282522829913,30|7
2289467516455,13|8
2287185355640,15|3
2282844559595,46|44
2252174262958,42|28
2294987671011,42|38
2288242581847,17|9
2259518772087,12|6
2256667406364,30|13
2283419890367,49|4
2255786833769,31|12
2298197410726,38|21
2297017875223,32|21
2252271807703,46|11
2299342087222,27|10
2294426713818,31|17
2289082659447,18|4
2293581044064,10|4
2299366976627,19|2
2255088634040,19|8
2255131213134,34|23
2285081695921,47|43
2299377345576,17|8
2256796091938,40|32
2296201043861,44|1
2292017512277,45|18
2289783085854,30|29
2292166619137,15|6
2257778510021,24|1
2286575286958,34|30
2258055226859,35|23
2288147930571,33|2
2252748925340,33|2
2295054504567,13|7
2256001996809,16|14
2282174309249,27|16
2282303496814,49|39
2257339027288,31|30
2292510904694,46|14
2258483957846,12|2
2258588354899,47|9
2257339595979,24|5
2253826203022,45|22
2253703385435,39|27
2288860226763,30|16
2252641591124,43|35
2281533033517,42|1
2256570120794,50|9
2299339480007,25|17
2292285525242,28|17
2253598277986,36|3
2288815376449,25|16
2287459071915,43|16
2287273443057,48|15
2252592545731,23|18
2285763201906,44|27
2255417126107,27|1
2294733180758,27|1
2254594907000,39|37
2296326262911,32|28
2296520426976,44|31
2289604400720,32|14
2286269482935,19|17
2259455310431,23|15
2289932897468,38|37
2293210379271,10|4
2285249533580,49|44
2283464613298,36|30
2251818200717,41|35
2286545568784,12|2
2299433911009,27|2
2295242412244,17|5
2284876230006,39|26
2293101423455,29|18
2282347252509,11|10
2288859612151,28|24
2282870876872,48|38
2288838037523,36|5
2299268176315,38|13
2256528106430,19|10
2251894194233,26|18
2258515009525,50|42
2293706032708,41|35
2289596936279,27|22
2253577134074,41|7
2255566894768,30|8
2282110865283,39|31
2255328256184,33|23
2253515088413,28|22
2289830311722,41|10
2285385633186,23|4
2284522068603,38|27
2295375388170,35|28
2299996872380,43|33
2257888904556,28|25
2289729558042,10|9
2287043109802,48|37
2284237865984,29|25
2298628396188,14|13
2293043257399,27|6
2284779717370,19|16
2285568811135,12|6
2297785734680,12|7
2289978990957,45|5
2283246155746,18|9
2294542563028,44|26
2252515294463,46|17
2282254708130,48|25
2253559265457,40|5
2284020065427,38|36
2293350884760,20|12
2281460853928,31|5
2298079202113,13|5
2252003779638,29|21
2257324359761,50|24
2259669646592,46|19
2285654250447,21|20
2284744531313,12|3
2295259167633,42|12
2294013833943,10|1
2298487661224,13|2
2297743996028,26|10
2259551582114,25|13
2256556783680,49|46
2252024971744,34|3
2251514934963,24|22
2284355277488,40|5
2285765304593,30|24
2253636540109,46|36
2297155077796,21|11
2255216090699,15|4
2256181280761,45|21
2285564283192,41|12
2258310074464,27|5
2298625373405,29|8
2291768727831,16|10
2293500611496,21|1
2292133225587,47|21
2284841957191,34|30
2259456749433,19|14
2288365704762,48|7
2291617328961,21|9
2297742909653,37|22
2291649026524,31|9
2282571385141,47|25
2281024382503,38|10
2258116758916,26|19
2257218188156,49|42
2285608942268,23|12
2297950891931,39|3
2255301123012,35|14
2298150038888,17|9
2293911799750,33|24
2289128080303,17|12
2257481791939,40|34
2295539623806,10|5
2298530712161,17|4
2286347713482,50|9
2283370651918,43|26
2292908019036,10|1
2252026862921,47|16
2298855976849,34|33
2298965680375,25|2
2286465149968,11|8
2293828806654,39|37
2287830147666,32|10
2283582569109,47|22
2283568388381,21|10
2251209135216,20|17
2259198054295,27|16
2251717123872,11|7
2252200905808,47|30
2253921801315,48|32
2288561040007,16|4
2291118995758,33|30
2281476506404,50|4
2287667099755,35|29
2293362396249,15|9
2296571249140,35|1
2285034980316,39|12
2295461970625,47|26
2259136480685,46|18
2254762278387,22|21
2284096157858,29|6
2283878142968,50|13
2257628174197,21|8
2288790823098,50|8
2258239570211,37|6
2252259134284,28|7
2296741833663,38|17
2281326386226,21|16
2291059194380,42|25
2283821093849,38|26
2286573472085,13|9
2254434712787,20|5
2298937578177,48|21
2296962392876,37|16
2256799135570,10|6
2299856726162,21|20
2285825720761,12|4
2288253206747,22|20
2259591776826,31|5
2293382737402,12|1
2291648381670,19|10
2287301990639,45|4
2283941563491,31|11
2298236669372,16|15
2295588292633,13|9
2299144686211,13|4
2294471122491,49|14
2299624802245,31|19
2296536409095,23|12
2281708968908,12|11
2287868682957,16|10
2292815188775,15|2
2295803217425,10|6
2296613666072,10|7
2291984630410,36|17
2286831129461,42|31
2294059211932,26|1
2254676959010,26|2
2299613759455,48|26
2295243445770,44|23
2282335262772,26|13
2299539197781,44|3
2299663638349,21|17
2251342907428,42|19
2252260395429,35|7
2251033430530,47|14
2255065282411,15|8
2283446376569,37|4
2282814789156,13|1
2281417088961,15|12
2291063057640,17|1
2281941479503,40|37
2254567905352,23|10
2298147291792,25|20
2281024920557,48|21
2293780196672,26|17
2286056326923,49|21
2259058269472,20|19
2283727128360,10|5
2281126797556,28|17
2258800121249,37|24
2258343637702,32|21
2258418948049,19|13
2286140652702,30|5
2254505422836,30|24
2284434446595,35|4
2292153071578,34|26
2253894249135,48|23
2254985019859,17|7
2299911739886,20|13
2283237195084,34|7
2257708679089,33|4
2285679706894,50|48
2294923815284,16|15
2286016273772,35|2
2259917947025,13|4
2292000074066,44|15
2256200702741,18|1
2283853717819,21|4
2297871809685,45|33
2257276841286,40|26
2289809794708,34|24
2298885472916,39|13
2289176503052,33|27
2293038000585,46|2
2285115370603,16|4
2284042780967,17|12
2256203830476,23|3
2254986767687,24|11
2287578776911,20|11
2294883074973,33|7
2282741878420,42|39
2291475790210,13|1
2291004957283,34|21
2299893724465,27|23
2259802500565,30|2
2297687858023,20|9
2298860198240,33|12
2299890414136,29|1
2281988802362,46|2
2288491348614,32|24
2259899978633,37|7
2297431627845,42|20
2295215955781,15|13
2286771502485,46|31
2295648060504,17|16
2288024505122,24|22
2283262102238,46|43
2292517905326,15|10
2283372488398,26|17
2281435980127,12|10
2291451036450,25|8
2286464121566,17|9
2259502359862,21|10
2282222210545,32|8
2296855833025,11|3
2298791264486,41|13
2257455427943,36|9
2284575408239,31|21
2297148703061,13|6
2295346518825,29|5
2297984216875,21|4
2299776372846,22|10
2255226891860,43|42
2283593150594,16|4
2288718244320,40|31
2287567409709,32|6
2253813745376,11|6
2293559872736,46|41
2254186350489,46|14
2259260549936,38|21
2259426971288,11|2
2289150625674,34|32
2287078035588,37|25
2282545477098,37|2
2287857718322,37|20
2254764422471,27|6
2256583222543,38|35
2288287331639,16|9
2283316921292,37|11
2295153945951,12|5
2289488675979,25|8
2294049613540,46|8
2257313148805,22|12
2298805165002,16|1
2283068438985,47|14
2284577817337,27|2
2293162380361,36|33
2282822218375,27|2
2283215452605,37|36
2254039099719,50|40
2257807402740,11|7
2299977301425,35|32
2286642179561,22|11
2281915176612,14|6
2284341801222,27|16
2297073256555,32|10
2255434980658,37|32
2284257580684,14|8
2293962882124,33|10
2297458368295,13|3
2287831839966,30|29
2299351852779,12|4
2257352539148,23|16
2296876652433,50|27
2289308462932,20|2
2286790362161,19|11
2283143143532,39|18
2252330828792,27|8
2257927655893,41|33
2282108850360,17|14
2258583148780,14|13
2293155381913,44|12
2255122583545,43|30
2284809452406,43|6
2251738998522,39|31
2257218939026,43|2
2259307949257,35|1
2298779801315,29|14
2299781834753,44|9
2287630143172,32|25
2281292508254,13|3
2259574791078,28|6
2289058854482,23|13
2281969870893,31|20
2294661560731,26|12
2258961873724,25|20
2289030725945,19|9
2284598346794,46|38
2251140910947,20|13
2297456033099,44|2
2254493843963,29|16
2293507145504,49|21
2299075872595,14|3
2295200032679,25|6
2281675634028,12|2
2285319142440,24|2
2253504886887,36|27
2291943824605,45|35
2253563609275,10|4
2253595727858,25|1
2292353952624,38|22
2258919891998,37|18
2282864939812,21|18
2288106083030,20|2
2258352415714,13|5
2251107304039,35|3
2295651577237,30|5
2291445160896,41|29
2297493873116,48|41
2256741506762,40|26
2281940914628,19|15
2299213971018,20|3
2284456014408,41|13
2293267461327,27|8
2293006026033,42|5
2293223298690,41|22
2299829888355,49|15
2259607145228,23|14
2282786247537,32|24
2293686849395,33|17
2287123702960,50|15
2296825945188,17|15
2287037148505,11|1
2289827995468,21|19
2293849441383,50|6
2253389180640,17|15
2254208717996,13|11
2282852377692,29|18
2296118043395,30|11
2287250373102,21|15
2252595296752,43|24
2292156273256,26|6
2284641777996,39|16
2283362888790,26|8
2285800538447,27|7
2297402049509,38|19
2294448481860,17|3
2287113041807,38|18
2295419335672,50|46
2254000491628,12|11
2293559853673,39|32
2299064598842,18|14
2281985248214,12|9
2297094054432,49|23
2293141310580,32|15
2281981675989,39|27
2281218950749,26|23
2298495940043,13|2
2253216178718,22|17
2298578182483,41|13
2295409670001,11|1
2257525633470,15|5
2288346657355,48|34
2283348949927,47|18
2298597911162,20|5
2258853640991,47|13
2254213620848,31|21
2296444822842,36|18
2292318288963,48|1
2297802733569,34|24
2254134794075,15|9
2295365340564,30|26
2258596481849,10|5
2251205870499,42|5
2282056136941,15|6
2258498502026,16|6
2288720430750,35|19
2299635390154,43|20
2291317439600,13|7
2294457197838,44|41
2283897686415,13|7
2298253737158,35|12
2284859845652,42|23
2257776316114,45|43
2295336462772,42|15
2284901320989,24|1
2285522312250,44|16
2297108498274,25|9
2286589398186,36|19
2254883291738,29|16
2297793077246,33|15
2281343510987,23|3
2296446575464,17|13
2292408541081,35|26
2253778456395,16|14
2287471347237,30|29
2256336061736,21|18
2256219893242,47|10
2291036066541,32|31
2259652041801,47|14
2288544117910,43|16
2295715472566,16|5
2257947011572,39|33
2255923392282,48|24
2254652083928,15|14
2252721906429,42|40
2252007502583,50|43
2256694896794,13|8
2256948215090,47|23
2298670246012,34|30
2256973573111,39|25
2296717381385,46|9
2253340242933,35|25
2284654153773,44|34
2259624469255,21|17
2251303803716,42|5
2294827952646,11|3
2299427115799,17|15
2291838666186,46|32
2291041117643,47|11
2259634521369,15|13
2298822297991,17|13
2251431930645,21|8
2291527812579,12|5
2284910933389,39|18
2258515257136,28|7
2253107060571,41|27
2289465591216,38|4
2257870128606,13|12
2298042200612,18|14
2292186061394,35|8
2257800118577,34|12
2289458997081,33|29
2284709079378,43|35
2283533257563,23|21
2259855152075,17|3
2258638112717,15|7
2252539688525,42|4
2298906232838,13|11
2289288989584,28|24
2284811322123,12|3
2253842270875,49|25
2281905471081,21|11
2293697577232,44|33
2253177356692,39|28
2281121869202,29|13
2299015400142,12|6
2258905516094,41|7
2282081189534,42|26
2284152329417,29|8
2298782090405,47|32
2297985842812,30|27
2298798059244,23|12
2258398353539,48|24
2291873054334,19|16
2286294139101,11|2
2254279711670,49|34
2282568808840,11|5
2295877242459,22|8
2252571103267,44|35
2253186531150,34|11
2287088234336,36|30
2254416034613,26|11
2283633378219,22|5
2288855614143,28|15
2292304318720,45|10
2251354827311,19|8
2253162818224,20|7
2259053457074,27|10
2282660149238,17|9
2253834280968,36|32
2285015477998,45|42
2293091737686,49|40
2259863423240,43|25
2284308354148,10|4
2285026743686,42|20
2283750560830,38|16
2258738587910,48|13
2259181988578,40|13
2283329183036,50|14
2259647173740,44|17
2286194972917,21|8
2283760378899,25|24
2258344610267,16|13
2288391851670,19|3
2289507932120,39|18
2283934511578,48|9
2289331028254,19|11
2299641771633,41|6
2299064949265,30|20
2251161824571,44|39
2252717514546,48|10
2252981987182,36|30
2284358465188,13|5
2253628198034,48|21
2287900775039,47|17
2284234879498,37|17
2252056916306,18|9
2297540780101,47|44
2296989801084,47|18
2282257534786,40|4
2299249983554,15|13
2283149363305,26|10
2291151029280,24|10
2282552220271,42|28
2291788521994,40|25
2259757051123,19|7
2297203633284,10|6
2251567564460,49|32
2298762019507,39|37
2257798948409,37|9
2288001438751,31|13
2256474539452,12|6
2285971240595,25|22
2254026050554,36|32
2291384493913,26|3
2295408942593,42|20
2257736623737,46|37
2292435134704,30|26
2284256303904,18|7
2283521799631,26|13
2289488817940,19|6
2296731662304,14|5
2297851402819,45|23
2296053608745,32|21
2297488235872,45|5
2287456416130,33|26
2293436194338,46|18
2293492366692,46|3
2288203659878,23|12
2286904133105,47|36
2293626254846,27|18
2256717368819,31|25
2289287034939,36|7
2297595417109,42|1
2251820474244,33|19
2285608643071,28|7
2252237743337,43|40
2256581898747,42|5
2297988669001,39|13
2251849567185,11|7
2282157389820,39|1
2287327865113,17|6
2287702902563,27|8
2259054020148,46|22
2258860032642,10|8
2286307810882,45|41
2296403865698,40|20
2254004551197,44|13
2291399679682,25|21
2291557628162,31|6
2259416055156,34|31
2252294048860,39|27
2255241918828,12|5
2282612048219,46|30
2289598211351,16|9
2286348427876,34|21
2283200012736,24|20
2253602940119,13|12
2282960407392,33|31
2258911379367,27|16
2253321573598,42|23
2253006658806,39|21
2291334047764,31|6
2255051405984,33|29
2253322070687,33|20
2251466934482,19|10
2282837299946,26|16
2299361315789,15|14
2259941588781,26|1
2291167003324,22|18
2297074131446,40|19
2292555758615,37|25
2292216650974,14|8
2288867319223,39|34
2291465115397,35|3
2251066325041,25|19
2286389631977,29|18
2287122049233,36|8
2259389278318,39|5
2281832295304,20|13
2292226805628,28|23
2297624082617,23|22
2299755809670,49|15
2283290698094,33|27
2259981601276,33|27
2282716358839,40|6
2296164666633,14|9
2255613273382,14|1
2257167007254,21|8
2287682394860,39|16
2282632174787,42|12
2294517388315,14|10
2292069287042,35|31
2284630520691,46|41
2296212624584,26|14
2287185536688,19|16
2294683420615,31|5
2297386517004,46|28
2288353699386,29|13
2291057086011,12|11
2295203655686,45|20
2288910865260,31|26
2289160973318,50|24
2299299035333,14|5
2287585860532,42|41
2296419990023,11|2
2252266546145,15|4
2292762262167,28|24
2251685245369,18|8
2296005383141,31|17
2285528985125,13|9
2254952441288,25|20
2298165454321,11|6
2258366589298,48|32
2298659086208,40|15
2257848439055,47|4
2253052263092,25|15
2284395180010,33|9
2255623340356,18|14
2258966350422,24|17
2294550347087,28|27
2257565929783,31|9
2281844390176,32|5
2251068087457,12|10
2295225623885,33|8
2284438841924,34|23
2254221029743,25|17
2284470019519,40|2
2285226001230,35|14
2281561110437,30|15
2282467019948,36|12
2286842016789,23|12
2254135278278,50|31
2291814751995,24|19
2256850228769,21|18
2287957975544,31|22
2292123605617,35|6
2283618185440,14|11
2294498607428,39|10
2258232170925,19|17
2254100926210,49|38
2281861812757,39|25
2297324531625,42|25
2297832481516,45|21
2256849465174,49|16
2284992334561,26|11
2297956251880,28|6
2296854285811,24|10
2289372219795,21|3
2286593564683,38|4
2299425970733,41|25
2283582032961,37|4
2294650820032,35|16
2295767439247,30|9
2255883736294,24|10
2255203693983,38|17
2259287845190,24|23
2252780337722,21|11
2289536591367,44|8
2288151241124,25|11
2282076831916,18|9
2294410069952,34|30
2288585700327,36|2
2295851623060,17|6
2282520420634,32|8
2289561809310,27|16
2295272768242,25|17
2296082661962,46|15
2251670203931,26|13
2251314931074,34|12
2294263256306,32|20
2282679194129,29|13
2258916917432,22|6
2251708566142,45|25
2291157573206,37|12
2289991293888,39|31
2257392530210,10|6
2297268486540,46|13
2292640902647,16|8
2289863843937,20|3
2297461071863,29|5
2258974745472,49|16
2295392465629,11|2
2291929630297,34|11
2295491397168,23|12
2282561395080,26|23
2287890106282,23|10
2298074436244,38|8
2289668842888,17|12
2283031663569,22|5
2251682070628,50|26
2281787024170,19|18
2259074765702,34|6
2298548562177,38|1
2295535902474,12|11
2252268914199,25|16
2283133767120,10|8
2259095385692,36|19
2285724608424,11|3
2295894256092,41|36
2298703914563,42|7
2285225517129,35|1
2296332065236,27|18
2258561900168,32|21
2294489991594,31|28
2298595608030,36|11
2295889601656,50|23
2283731169345,30|2
2254937170676,32|27
2281037418131,48|16
2288596463597,39|28
2298771828665,26|24
2284073212921,27|26
2251848575621,24|7
2293066722750,50|40
2293616001703,37|5
2299934363289,40|22
2281261500322,39|15
2295512830121,27|1
2289526395833,30|17
2257072785961,28|11
2288972822552,15|1
2292779661495,37|1
2292558214026,39|18
2299189651325,46|33
2289130016771,40|9
2252279999179,38|20
2293150741771,34|25
2255740363460,47|23
2289568131906,15|8
2297560170444,14|11
2259658766651,10|3
2285255110958,28|8
2281857336728,27|7
2288595850576,48|18
2255574957278,32|11
2253894531735,26|25
2253138298973,15|13
2281633513930,14|10
2255392325106,28|24
2255765498253,20|5
2281808081412,24|9
2281543696979,49|22
2298280063883,40|25
2253121150191,24|22
2289807056202,40|18
2289619852020,24|17
2288498973188,31|13
2252775647863,49|45
2292802694127,16|12
2289804826886,29|10
2256221435702,16|3
2289134922879,35|11
2281716439954,31|26
2289482626480,23|8
2257030628986,40|4
2254019106865,49|1
2291244178268,39|2
2284836988923,41|18
2283403052471,14|6
2255051933853,38|31
2295276475901,21|12
2286662364458,21|15
2298047487984,50|9
2288155568349,42|31
2293903851827,33|31
2289554494446,34|4
2282476449616,37|2
2287711404930,11|8
2292495238331,14|2
2254242464859,20|14
2292035315562,50|24
2294559597003,18|6
2297120013983,29|25
2258722439307,23|15
2291261159416,18|5
2282910607452,40|10
2293428342738,36|33
2286497148607,41|28
2283563889044,36|10
2281821212987,17|3
2256919586963,37|4
2291795201105,40|15
2291263433819,12|3
2258823943903,18|3
2281227803414,22|19
2286206179309,47|19
2299034675842,29|23
2299198454493,20|7
2257129375713,33|23
2285394796247,32|22
2286912028663,31|11
2289551837708,15|12
2282357320221,47|23
2287694100325,35|7
2253806644701,26|17
2287293824776,29|21
2252277931530,43|24
2298312679644,16|11
2291785326899,23|16
2298365415932,33|4
2293309757615,38|34
2255495896764,11|9
2299997329818,27|9
2294390287946,12|7
2292562758216,43|25
2289278050532,29|28
2251578629713,45|40
2295325908566,26|15
2255805750529,44|29
2285486670126,46|24
2283798904567,27|23
2287136816462,23|3
2284066443922,47|15
2286781708530,46|17
2258839801059,11|5
2286600890100,14|6
2251067678622,22|15
2282093765837,16|5
2288761009218,12|5
2283799646107,24|12
2253706638446,22|12
2281305432217,26|24
2282499051696,32|25
2253659960118,49|43
2251371332599,40|21
2294630012935,17|14
2291238476759,12|6
2286513217758,50|11
2255959026830,25|4
2297030978745,22|18
2287447240846,30|15
2257678554935,11|1
2291257403881,23|18
2298595025399,21|18
2296222192360,15|13
2282817651561,29|4
2285551115628,33|32
2289661932745,16|2
2253403743594,37|6
2296749582716,32|20
2252339745790,16|6
2253638466652,19|14
2283288607444,27|20
2294946365904,18|5
2288070844960,41|39
2293126700056,17|9
2298852205421,35|20
2292833096570,19|7
2255452892732,20|14
2291602033320,18|6
2251198696504,35|33
2257677429857,30|6
2288378994901,41|35
2299288864693,24|11
2285664657545,27|10
2283200333808,17|10
2255575117450,35|9
2297172813484,39|19
2295381578217,16|15
2287588727711,21|13
2281781496749,36|15
2292864879830,29|6
2291884183846,11|10
2253098869260,34|28
2292742625403,27|26
2251546967338,32|15
2291508788663,28|10
2292507215037,11|7
2259359078658,28|11
2254335410139,35|34
2255719807175,33|9
2295291966183,29|3
2291429790104,14|2
2295313078426,27|12
2283974631182,18|13
2254717075580,39|25
2284044583174,33|16
2258486329766,18|2
2285310384743,10|9
2285692162107,23|3
2251798415647,42|17
2285738581594,21|18
2295482509626,38|35
2297935706989,20|7
2253619767345,10|7
2254604075464,26|5
2297854705134,19|7
2256590872488,47|34
2254090045507,11|8
2288625848273,43|31
2298112439409,46|10
2289284481408,16|11
2251836563666,39|12
2253488579275,42|39
2258389351823,33|24
2297068272722,19|1
2259424863385,32|5
2285083886217,28|2
2252396611017,44|11
2284361775536,33|9
2291648133905,12|1
2282960980675,33|12
2254716751170,45|7
2282921065916,34|33
2252806085102,26|10
2282618435862,26|7
2252920381723,16|12
2296853648854,41|27
2293939345439,17|10
2253670443538,23|21
2296851932951,26|2
2287145168229,30|6
2284481393706,17|16
2257005951610,50|7
2256440760748,13|6
2287827696297,29|19
2253974270590,20|9
2292974293274,15|9
2254346394463,18|9
2293523970323,43|5
2257759901651,24|23
2285934350772,41|39
2257330534492,23|17
2256795419563,40|27
2294848578272,16|1
2294621633264,50|44
2288274373495,27|14
2294182060794,25|7
2256001904611,11|4
2254551337305,32|27
2258903009385,45|19
2298958566035,27|23
2282311075574,34|25
2298972626684,42|25
2258610060493,20|14
2284902300996,11|6
2297543285273,14|5
2253485444237,40|3
2284023066591,36|24
2254113372390,32|22
2288771014236,47|19
2293398919011,29|7
2286525737272,24|17
2252773606223,38|34
2254805214690,38|13
2293365178687,43|40
2255863128915,50|18
2294539161861,44|5
2254752775129,13|5
2291801666797,48|34
2253429589848,17|7
2285409141552,10|3
2286905401123,47|8
2287009560897,30|18
2282203301236,28|3
2294158999164,28|15
2256632568639,36|15
2255291684363,35|12
2258293002520,23|16
2251605904233,32|28
2281599851988,26|20
2257785644597,39|10
2255231871044,24|17
2254558032002,35|6
2294712337008,30|11
2255419791088,27|3
2289412451406,27|19
2297503427444,10|6
2295456834686,35|12
2298137005985,31|25
2285802712647,20|12
2257853395018,14|11
2251925245853,25|4
2283835149084,31|7
2289115696176,41|39
2287718574961,12|4
2289351428591,48|5
2257576603597,46|25
2282330791034,14|6
2283797281569,27|1
2251238868388,24|17
2295316449534,40|33
2257188890928,10|2
2283793235222,25|12
2297577442889,24|10
2299077302876,14|8
2289612922206,42|22
2286900833548,40|31
2287181128028,47|24
2297329330906,11|10
2295222919068,16|10
2289462231304,16|11
2281440712688,33|25
2281418665015,34|21
2288905651381,18|9
2293439934462,25|19
2296295665068,28|1
2255641600890,15|10
2296940719909,28|9
2287623513943,41|28
2281809667382,21|4
2294370758306,36|12
2282413874380,35|33
2292224157335,27|15
2296554643280